# This file may be used to create an environment using:
# $ conda create --name <env> --file <this file>
# platform: win-64
blas=1.0=mkl
bottleneck=1.3.5=py312he558020_0
brotli=1.0.9=h2bbff1b_7
brotli-bin=1.0.9=h2bbff1b_7
bzip2=1.0.8=hcfcfb64_5
ca-certificates=2023.08.22=haa95532_0
contourpy=1.0.5=py312h59b6b97_0
cycler=0.11.0=pyhd3eb1b0_0
fonttools=4.25.0=pyhd3eb1b0_0
freetype=2.12.1=ha860e81_0
giflib=5.2.1=h8cc25b3_3
icu=73.1=h6c2663c_0
intel-openmp=2023.2.0=h57928b3_50497
joblib=1.3.2=pyhd8ed1ab_0
jpeg=9e=h2bbff1b_1
kiwisolver=1.4.4=py312hd77b12b_0
krb5=1.20.1=h5b6d351_0
lerc=3.0=hd77b12b_0
libblas=3.9.0=20_win64_mkl
libbrotlicommon=1.0.9=h2bbff1b_7
libbrotlidec=1.0.9=h2bbff1b_7
libbrotlienc=1.0.9=h2bbff1b_7
libcblas=3.9.0=20_win64_mkl
libclang=14.0.6=default_hb5a9fac_1
libclang13=14.0.6=default_h8e68704_1
libdeflate=1.17=h2bbff1b_1
libexpat=2.5.0=h63175ca_1
libffi=3.4.2=h8ffe710_5
libhwloc=2.9.3=default_haede6df_1009
libiconv=1.17=h8ffe710_0
liblapack=3.9.0=20_win64_mkl
libpng=1.6.39=h8cc25b3_0
libpq=12.15=h906ac69_1
libsqlite=3.44.2=hcfcfb64_0
libtiff=4.5.1=hd77b12b_0
libwebp=1.3.2=hbc33d0d_0
libwebp-base=1.3.2=h2bbff1b_0
libxml2=2.11.6=hc3477c8_0
libzlib=1.2.13=hcfcfb64_5
lz4-c=1.9.4=h2bbff1b_0
matplotlib=3.8.0=py312haa95532_0
matplotlib-base=3.8.0=py312hc7c4135_0
mkl=2023.2.0=h6a75c08_50497
mkl-service=2.4.0=py312h2bbff1b_1
munkres=1.1.4=py_0
numexpr=2.8.7=py312h96b7d27_0
numpy=1.26.0=py312hfd52020_0
numpy-base=1.26.0=py312h4dde369_0
openjpeg=2.4.0=h4fc8c34_0
openssl=3.2.0=hcfcfb64_0
packaging=23.1=py312haa95532_0
pandas=2.1.1=py312hc7c4135_0
pillow=10.0.1=py312h045eedc_0
pip=23.3.1=pyhd8ed1ab_0
ply=3.11=py312haa95532_1
pthreads-win32=2.9.1=hfa6e2cd_3
pyparsing=3.0.9=py312haa95532_0
pyqt=5.15.10=py312hd77b12b_0
pyqt5-sip=12.13.0=py312h2bbff1b_0
python=3.12.0=h2628c8c_0_cpython
python-dateutil=2.8.2=pyhd3eb1b0_0
python-tzdata=2023.3=pyhd3eb1b0_0
python_abi=3.12=4_cp312
pytz=2023.3.post1=py312haa95532_0
qt-main=5.15.2=h19c9488_10
scikit-learn=1.3.2=py312hcacafb1_1
scipy=1.11.4=py312h8753938_0
seaborn=0.12.2=py312haa95532_0
setuptools=68.2.2=pyhd8ed1ab_0
sip=6.7.12=py312hd77b12b_0
six=1.16.0=pyhd3eb1b0_1
sqlite=3.41.2=h2bbff1b_0
tbb=2021.10.0=h91493d7_2
threadpoolctl=3.2.0=pyha21a80b_0
tk=8.6.13=h5226925_1
tornado=6.3.3=py312h2bbff1b_0
tzdata=2023c=h71feb2d_0
ucimlrepo=0.0.3=pypi_0
ucrt=10.0.22621.0=h57928b3_0
vc=14.3=h64f974e_17
vc14_runtime=14.36.32532=hdcecf7f_17
vs2015_runtime=14.36.32532=h05e6639_17
wheel=0.41.3=pyhd8ed1ab_0
xz=5.4.2=h8cc25b3_0
zlib=1.2.13=hcfcfb64_5
zstd=1.5.5=hd43e919_0
